%YAML:1.0
---
type: IMU
name: mytest
Gyr:
   unit: " rad/s"
   avg-axis:
      gyr_n: 2.1027200220542094e-01      离散情况下为0.0148  与设置的0.015相近
      gyr_w: 7.9446908594151282e-04      离散情况下为0.000056  与设置的0.00005相近
   x-axis:
      gyr_n: 2.1068935896458887e-01
      gyr_w: 7.4654459158182793e-04
   y-axis:
      gyr_n: 2.0830007862068819e-01
      gyr_w: 9.3783551655941594e-04
   z-axis:
      gyr_n: 2.1182656903098576e-01
      gyr_w: 6.9902714968329426e-04
Acc:
   unit: " m/s^2"
   avg-axis:
      acc_n: 2.6712409159794981e-01      离散情况下为0.0183  与设置的0.019相近
      acc_w: 3.0424354147008340e-03      离散情况下为0.0002  与设置的0.0005相近
   x-axis:
      acc_n: 2.6932996907318352e-01
      acc_w: 2.7706855573667948e-03
   y-axis:
      acc_n: 2.6193319449983787e-01
      acc_w: 3.3326260498534178e-03
   z-axis:
      acc_n: 2.7010911122082798e-01
      acc_w: 3.0239946368822890e-03
